06073889150779004	06073739706394910	06073435185541950
06073748096999906	06073479674694413	06073283492838403
06073381205792110	06073511369572920	06073881491282800
06073033094985922	06073642142668800	06073358191204944
06073750282859105	06073198403667948	06073977639671311
06073400839559603	06073783632685708	06073237371586931
06073618933219701	06073968395519904	06073273156590006
06073771157110961	06073564053460012	06073631667092931
06073685873188111	

07013683203842202	07013443850367976	07013139238604004
07013453140062712	07013173827757936	07013987535801904
07013085358855924	07013226412645503	07013585544245940
07013737137058714	07013346286621975	07013052334377210
07013454335922011	07013802546729506	07013672772644913
07013105983612302	07013497785748014	07013931414649714
07013312086372108	07013662438582948	07013977209663712
07013476200183705	07013268106523314	07013335700165711
07013399926151100

